v1,v2
1,3
1,4
1,26
1,31
1,36
1,41
1,46
2,4
2,5
2,27
2,32
2,37
2,42
2,47
3,5
3,28
3,33
3,38
3,43
3,48
4,29
4,34
4,39
4,44
4,49
5,30
5,35
5,40
5,45
5,50
6,8
6,9
6,26
6,32
6,38
6,44
6,50
7,9
7,10
7,27
7,33
7,39
7,45
7,46
8,10
8,28
8,34
8,40
8,41
8,47
9,29
9,35
9,36
9,42
9,48
10,30
10,31
10,37
10,43
10,49
11,13
11,14
11,26
11,33
11,40
11,42
11,49
12,14
12,15
12,27
12,34
12,36
12,43
12,50
13,15
13,28
13,35
13,37
13,44
13,46
14,29
14,31
14,38
14,45
14,47
15,30
15,32
15,39
15,41
15,48
16,18
16,19
16,26
16,34
16,37
16,45
16,48
17,19
17,20
17,27
17,35
17,38
17,41
17,49
18,20
18,28
18,31
18,39
18,42
18,50
19,29
19,32
19,40
19,43
19,46
20,30
20,33
20,36
20,44
20,47
21,23
21,24
21,26
21,35
21,39
21,43
21,47
22,24
22,25
22,27
22,31
22,40
22,44
22,48
23,25
23,28
23,32
23,36
23,45
23,49
24,29
24,33
24,37
24,41
24,50
25,30
25,34
25,38
25,42
25,46
26,27
26,30
27,28
28,29
29,30
31,32
31,35
32,33
33,34
34,35
36,37
36,40
37,38
38,39
39,40
41,42
41,45
42,43
43,44
44,45
46,47
46,50
47,48
48,49
49,50
